Unmatched standard IDs
47
77
79
80
137
175
177
180
181
184
236
242
258
268
270
271
283
386
502
515
518
551
560
692
711
729
759
832
833
849
850
854
855
856
857
858
859
860
861
862
867
868
869
870
871
872
873
874
875
876
877
878
879
880
881
981
1021
1051
1052
1055
1056
1057
1058
1059
1076
1096
1097
1098
1099
1100
1101
1102
1103
1104
1105
1106
1107
1108
1109
1110
1111
1112
1113
1114
1115
1116
1117
1118
1119
1120
1121
1122
1123
1124
1125
1126
1127
1128
1129
1130
1131
1132
1133
1134
1135
1136
1137
1138
1139
1140
1141
1142
1143
1144
1145
1146
1147
1148
1149
1150
1151
1152
1153
1154
1155
1156
1157
1158
1159
1160
1161
1162
1163
1164
1165
1166
1167
1168
1169
1170
1171
1172
1173
1174
1175
1176
1177
1178
1179
1180
1181
1182
1183
1184
1185
1186
1187
1218
1243
1244
1246
1289
1298
1299
1305
1312
1338
1339
1340
1341
1342
1397
1412
1413
1414
1415
1416
1417
1418
1419
1424
1434
1435
1436
1478
1479
1535
1536
1537
1538
1574
1575
1578
1594
1595
1596
1597
1598
1600
1772
1828
1870
1876
1903
1915
1960
1961
1962
1963
2029
2035
2036
2037
2038
2039
2040
2041
2137
2206
2229
2233
2339
2371
2373
2374
2375
2376
2377
2378
2379
2380
2381
2382
2404
2405
2455
2519
2580
2582
2604
2664
2665
2716
2720
2721
2722
2723
2725
2727
2731
2745
2746
2747
2753
2754
2755
2757
2802
2803
2807
2808
2809
2869
2875
2901
2911
2912
3001
3025
3026
3027
3028
3029
3035
3036
3037
3106
3117
3143
3200
3204
3245
3252
3345
3392
3489
3490
3557
3585
3608
3609
3610
3611
3612
3613
3638
3653
3658
3659
3662
3663
3664
3665
3666
3667
3668
3669
3670
3671
3672
3673
3674
3675
3676
3677
3678
3679
3680
3681
3682
3683
3684
3685
3686
3687
3688
3689
3690
3691
3692
3693
3694
3695
3696
3697
3698
3699
3700
3701
3702
3703
3704
3705
3706
3707
3708
3709
3710
3711
3712
3713
3714
3769
3773
3787
3803
3805
3852
3853
3854
3855
3856
3857
3904
3905
3906
3907
3932
3936
3937
3938
3939
3940
3941
3942
3943
3944
3945
3946
3947
3948
3949
3950
3951
3952
3953
3954
3955
3956
3957
3958
3959
3960
3961
3962
3963
3964
3965
3966
3967
3968
3969
3970
3971
3972
3973
3974
3975
3976
3977
3978
4039
4114
4119
4149
4150
4151
4152
4153
4154
4155
4156
4157
4158
4159
4160
4161
4162
4163
4164
4165
4166
4167
4168
4169
4170
4171
4172
4173
4174
4175
4176
4177
4178
4179
4180
4181
4182
4183
4184
4185
4186
4187
4188
4189
4190
4191
4192
4193
4194
4195
4196
4197
4198
4199
4200
4201
4202
4203
4204
4234
4237
4238
4239
4240
4266
4267
4309
4316
4373
4374
4389
4390
4391
4392
4393
4394
4402
4427
4467
4509
4513
4516
4535